0.000000000000000000e+00
-6.852584171992408812e+01
3.690001106318535840e+00
2.896084489780932472e+03
6.037985698522833644e+01
1.396124968122463770e+02
1.576995565459661520e+03
5.433191869474264912e+00
3.110329206124261385e-06
9.615600723999999655e-01
1.337215914435239961e-02
1.131525566926899935e-03
6.968716012100000272e-04
9.396700712246999461e-04
8.799232601079899976e-03
2.830238077589043999e-01
4.175655987343199725e-03
4.402938825293692959e-01
3.202936706125468769e-01
2.309956947343911882e-01
4.628585969999999827e-01
3.332393194474099919e-03
1.241184111000999998e-04
1.341646207897562090e+04
1.648047803484644392e+05
1.378088091513159953e-02
9.903372850792602211e-01
1.457873475333970083e-02
2.523242989919400117e-03
7.477982252242068029e-01
9.679599171076623820e-01
2.738206396824200209e-03
3.228651806449699905e-03
1.853793183253439961e-02
7.535292839183099604e-03
2.523242989919400117e-03
8.727093864156975078e-01
1.043726727440442232e-06
1.180555660603700013e-03
2.789655581638906257e-01
1.643275852614749927e-02
2.988757775676800094e-02
3.490095822493013977e-01
8.788924461473690553e-02
4.935612298308599682e-02
1.193078171296999999e-03
3.558287116536482378e-62
3.490327058891400103e-03
5.883268252993700299e-03
3.955088319312000176e-04
4.450890846581249949e-02
3.558287116536482378e-62
2.392020501564580057e-02
6.409631733365599854e-03
2.487943609016799937e-03
1.722672903571399955e-03
3.558287116536482378e-62
3.771729011310000061e-04
7.236469978700000531e-04
3.474740932389999769e-04
1.300913096778392792e+05
5.078928403514999809e+04
2.353970653143614254e+04
2.193956633781734581e+03
1.951294649039250068e-02
9.059006534853999287e-03
1.097497721779919084e+04
9.357145984390788362e+04
2.874205584411754899e+04
6.773138135999999890e-91
1.449457673599000018e-02
1.340819115433032312e+04
2.242397227000000048e-01
3.691848259103370219e+04
1.340729136248699962e-03
4.134187230096400371e-03
4.431202519902613858e+03
7.007970735670702197e+03
1.421739667405820364e+04
7.736146381029583630e+00
3.812956964258821246e-01
5.158797452042469811e-02
8.896934873719903880e-01
7.537917874274449592e-02
8.253133180892050502e-01
6.836346781510155068e+00
6.205891350142409557e-01
1.172793427239395003e-01
1.154255239713870340e+00
1.320878907177452932e-01
1.033166383196242322e+00
9.274466707787739850e+00
1.086997103578054014e-01
1.546752722986539930e-02
2.929517807479767866e-01
6.863854729374969932e-02
2.353122340342116980e-01
3.382412587225767098e-01
4.724516435380500812e-01
4.126582333632483057e-01
2.320312834496040047e-02
6.026039426999999504e-01
6.026039426999999504e-01
2.596146733999999956e-01
3.675831646612582881e-01
3.813639825038135922e-01
9.833745050493840661e-07
9.367011898400800130e-07
2.042014346390140164e-02
1.492834563975999973e-03
1.012096082390999955e-04
4.360217531668890770e-05
8.346304299087046335e-05
9.622659239993000503e-04
3.100557099963209898e-02
1.976988728556749477e-07
2.494242619805370676e-06
3.564953054445200130e-03
3.099053225923000085e-04
3.637427079601000097e-04
1.472468694917049986e-02
1.257495512024599986e-03
4.683819524121616017e-05
3.938499273719745150e-07
4.443230237418999877e-04
1.047883417638336978e-01
1.816599355525759865e-02
1.124968163872189925e-02
1.313668648749435064e-01
3.801202168369733903e-01
2.523242989919400117e-03
8.727093864156975078e-01
9.214774520715055539e-01
9.908502889929003965e-01
2.087704516676152922e-01
2.898335551826899861e-03
9.963623831294059485e-01
2.371115392691231804e-06
8.894320487000000330e-01
1.148104433834539959e-02
1.038881971375599927e-03
6.435262066710999975e-04
8.629914818617071042e-07
6.887122683466999655e-04
7.141236057876599805e-03
2.825329527739885993e-01
2.554442895626798361e-06
5.278976201984909855e-02
3.865674490227699947e-03
2.652858177767000139e-04
1.151029375201000017e-04
5.276524154132336149e-07
2.696660466228000246e-04
2.427519817983499889e-03
9.646716281555330064e-02
6.077748708518149884e-02
5.681066265563757541e-39
3.591463242620099826e-03
4.069691487500999919e-04
4.580528303145999782e-04
5.681066265563805012e-40
2.305388253175991041e-06
2.397837295804752468e-07
1.402421109780004060e-01
3.908123452714890034e-02
4.205114974160800018e-03
2.223261373679999897e-04
8.441638929845891005e-06
3.142776424858999989e-04
9.776317510965190638e-02
2.679736793253368887e-01
2.752942621824395752e-01
1.256755688721873099e-01
2.173267345994800079e-03
4.704656066086979754e-02
2.965524316017630058e-02
2.144114159833900024e-02
1.810507641687699983e-03
1.193293085747069993e-02
6.282220735324059446e-02
6.849497956509720265e-02
9.810947756832199759e-03
8.451284616448974107e-01
1.184324333497410037e-02
2.523242989919400117e-03
9.404276795576920200e-01
5.002784126933169928e-02
0.0001993197
0.9812943664
0.767951881
0.767951881
0.1069853058
0.4548050890
0.0272302605
